[gd_scene load_steps=2 format=2]

[ext_resource path="res://ANDREY_3D/lowpolyHERO.glb" type="PackedScene" id=1]

[node name="HERO" instance=ExtResource( 1 )]

[node name="Skeleton" parent="Armature" index="0"]
bones/0/bound_children = [ NodePath("BoneAttachment18") ]
bones/1/bound_children = [ NodePath("BoneAttachment11") ]
bones/2/bound_children = [ NodePath("BoneAttachment10") ]
bones/3/bound_children = [ NodePath("BoneAttachment2") ]
bones/4/bound_children = [ NodePath("BoneAttachment") ]
bones/5/bound_children = [ NodePath("BoneAttachment5") ]
bones/6/bound_children = [ NodePath("BoneAttachment4") ]
bones/7/bound_children = [ NodePath("BoneAttachment3") ]
bones/8/bound_children = [ NodePath("BoneAttachment8") ]
bones/9/bound_children = [ NodePath("BoneAttachment7") ]
bones/10/bound_children = [ NodePath("BoneAttachment6") ]
bones/11/bound_children = [ NodePath("BoneAttachment9") ]
bones/12/bound_children = [ NodePath("BoneAttachment14") ]
bones/13/bound_children = [ NodePath("BoneAttachment13") ]
bones/14/bound_children = [ NodePath("BoneAttachment12") ]
bones/15/bound_children = [ NodePath("BoneAttachment17") ]
bones/16/bound_children = [ NodePath("BoneAttachment16") ]
bones/17/bound_children = [ NodePath("BoneAttachment15") ]

[node name="BoneAttachment" parent="Armature/Skeleton" index="0"]
transform = Transform( 1, 2.66021e-08, 2.38485e-07, -7.40495e-09, 0.996784, -0.0801373, -2.3985e-07, 0.0801373, 0.996784, -4.37332e-16, 0.678877, 0.0250836 )

[node name="BoneAttachment2" parent="Armature/Skeleton" index="1"]
transform = Transform( 1, 4.88043e-17, -4.17275e-17, -6.03067e-17, 0.936994, -0.349346, 2.20489e-17, 0.349346, 0.936994, -1.71032e-18, 0.516344, -0.0355145 )

[node name="BoneAttachment3" parent="Armature/Skeleton" index="2"]
transform = Transform( 0.411105, -0.135065, -0.901528, -0.798463, 0.423809, -0.427601, 0.439829, 0.895624, 0.066385, 0.0603819, 0.29818, 0.626002 )

[node name="BoneAttachment4" parent="Armature/Skeleton" index="3"]
transform = Transform( 0.938707, -0.321652, -0.123981, -0.199583, -0.213874, -0.956256, 0.281065, 0.922387, -0.264961, 0.165791, 0.36827, 0.323724 )

[node name="BoneAttachment5" parent="Armature/Skeleton" index="4"]
transform = Transform( 0.987478, -0.0831562, -0.134073, -0.155922, -0.384838, -0.909719, 0.0240522, 0.919231, -0.392984, 0.196791, 0.511735, -0.0189593 )

[node name="BoneAttachment6" parent="Armature/Skeleton" index="5"]
transform = Transform( 0.789315, 0.581875, 0.195975, 0.00961167, 0.307433, -0.951522, -0.613915, 0.752932, 0.237069, -0.192326, 0.319701, 0.310768 )

[node name="BoneAttachment7" parent="Armature/Skeleton" index="6"]
transform = Transform( 0.740129, 0.411979, -0.531492, -0.672465, 0.451992, -0.586085, -0.00122491, 0.791187, 0.611574, -0.327337, 0.171577, 0.051486 )

[node name="BoneAttachment8" parent="Armature/Skeleton" index="7"]
transform = Transform( 0.896722, -0.362926, -0.253331, -0.397132, -0.912457, -0.0985371, -0.195392, 0.188966, -0.962348, -0.19204, 0.511735, -0.0189593 )

[node name="BoneAttachment9" parent="Armature/Skeleton" index="8"]
transform = Transform( 0.0640371, 0.297274, -0.952642, -0.996195, 0.0755896, -0.0433769, 0.059115, 0.951796, 0.300983, -0.046503, 0.386935, 0.450657 )

[node name="BoneAttachment10" parent="Armature/Skeleton" index="9"]
transform = Transform( 1, -4.52334e-17, 6.22828e-17, 4.47405e-17, 0.999969, 0.00789066, -6.26378e-17, -0.00789066, 0.999969, 1.11978e-17, 0.230985, -0.0332627 )

[node name="BoneAttachment11" parent="Armature/Skeleton" index="10"]
transform = Transform( 1, 8.79571e-17, -8.32441e-17, -8.32441e-17, 0.998485, 0.0550172, 8.79572e-17, -0.0550172, 0.998485, -5.9563e-18, 0.0362521, -0.0225328 )

[node name="BoneAttachment12" parent="Armature/Skeleton" index="11"]
transform = Transform( 0.99949, -0.0243803, -0.020639, -0.030676, -0.91277, -0.40732, -0.00890807, 0.407746, -0.913054, 0.0945753, -1.054, -0.577628 )

[node name="BoneAttachment13" parent="Armature/Skeleton" index="12"]
transform = Transform( 0.996923, -0.076707, 0.0161232, -0.0703788, -0.785421, 0.614947, -0.0345073, -0.614191, -0.788405, 0.136558, -0.624128, -0.241473 )

[node name="BoneAttachment14" parent="Armature/Skeleton" index="13"]
transform = Transform( 0.999965, -0.00832344, 0.000141628, -0.00777178, -0.927321, 0.374184, -0.00298317, -0.374173, -0.927356, 0.14144, -0.0801701, -0.0219865 )

[node name="BoneAttachment15" parent="Armature/Skeleton" index="14"]
transform = Transform( 0.99928, 0.0243805, -0.0290692, -0.00135523, -0.742766, -0.669549, -0.0379157, 0.669107, -0.742201, -0.0898241, -1.06946, 0.341755 )

[node name="BoneAttachment16" parent="Armature/Skeleton" index="15"]
transform = Transform( 0.996942, 0.0767072, 0.0149428, 0.0761094, -0.996407, 0.0371375, 0.017738, -0.035888, -0.9992, -0.131807, -0.524109, 0.361397 )

[node name="BoneAttachment17" parent="Armature/Skeleton" index="16"]
transform = Transform( 0.999965, 0.00832357, -7.16282e-05, 0.00625279, -0.756812, -0.653602, -0.00549452, 0.653579, -0.756841, -0.136689, -0.0801701, -0.0219865 )

[node name="BoneAttachment18" parent="Armature/Skeleton" index="17"]
transform = Transform( 1, -3.32718e-17, 2.93171e-17, 2.93171e-17, 0.992047, 0.125868, -3.32718e-17, -0.125868, 0.992047, -1.03398e-25, -0.141344, 0 )
