[gd_scene load_steps=2 format=2]

[ext_resource path="res://ANDREY_3D/HERO.glb" type="PackedScene" id=1]

[node name="HERO" instance=ExtResource( 1 )]

[node name="Skeleton" parent="Armature" index="0"]
bones/0/bound_children = [ NodePath("BoneAttachment18") ]
bones/1/bound_children = [ NodePath("BoneAttachment11") ]
bones/2/bound_children = [ NodePath("BoneAttachment10") ]
bones/3/bound_children = [ NodePath("BoneAttachment2") ]
bones/4/bound_children = [ NodePath("BoneAttachment") ]
bones/5/bound_children = [ NodePath("BoneAttachment5") ]
bones/6/bound_children = [ NodePath("BoneAttachment4") ]
bones/7/bound_children = [ NodePath("BoneAttachment3") ]
bones/8/bound_children = [ NodePath("BoneAttachment8") ]
bones/9/bound_children = [ NodePath("BoneAttachment7") ]
bones/10/bound_children = [ NodePath("BoneAttachment6") ]
bones/11/bound_children = [ NodePath("BoneAttachment9") ]
bones/12/bound_children = [ NodePath("BoneAttachment14") ]
bones/13/bound_children = [ NodePath("BoneAttachment13") ]
bones/14/bound_children = [ NodePath("BoneAttachment12") ]
bones/15/bound_children = [ NodePath("BoneAttachment17") ]
bones/16/bound_children = [ NodePath("BoneAttachment16") ]
bones/17/bound_children = [ NodePath("BoneAttachment15") ]

[node name="BoneAttachment" parent="Armature/Skeleton" index="0"]
transform = Transform( 1, 2.66021e-08, 2.38485e-07, -3.20702e-08, 0.999736, 0.0229578, -2.37812e-07, -0.0229578, 0.999736, -4.47644e-16, 0.800307, -0.0213596 )

[node name="BoneAttachment2" parent="Armature/Skeleton" index="1"]
transform = Transform( 1, 2.69621e-17, -3.48443e-17, -3.48443e-17, 0.967993, -0.250977, 2.69622e-17, 0.250977, 0.967993, -8.23402e-18, 0.632397, -0.0648945 )

[node name="BoneAttachment3" parent="Armature/Skeleton" index="2"]
transform = Transform( 0.99933, -0.0209447, -0.0300471, -0.0255173, -0.986633, -0.160952, -0.0262744, 0.161611, -0.986505, 0.39263, -0.0317715, -0.022504 )

[node name="BoneAttachment4" parent="Armature/Skeleton" index="3"]
transform = Transform( 0.988302, 0.152516, -0.00123265, 0.150193, -0.974586, -0.166206, -0.0265504, 0.164076, -0.98609, 0.342648, 0.287613, -0.0762739 )

[node name="BoneAttachment5" parent="Armature/Skeleton" index="4"]
transform = Transform( 0.917551, 0.391254, -0.0708802, 0.395118, -0.917142, 0.0522742, -0.0445548, -0.0759702, -0.996114, 0.196791, 0.629518, -0.0479526 )

[node name="BoneAttachment6" parent="Armature/Skeleton" index="5"]
transform = Transform( 0.99933, 0.0209445, -0.0300483, 0.015801, -0.986633, -0.162195, -0.0330438, 0.161611, -0.986302, -0.387879, -0.0317716, -0.022504 )

[node name="BoneAttachment7" parent="Armature/Skeleton" index="6"]
transform = Transform( 0.988295, -0.152516, -0.00362975, -0.151008, -0.974587, -0.165465, 0.0216983, 0.164076, -0.98621, -0.337897, 0.287613, -0.0762739 )

[node name="BoneAttachment8" parent="Armature/Skeleton" index="7"]
transform = Transform( 0.917306, -0.391254, -0.0739759, -0.382021, -0.917142, 0.113627, -0.112303, -0.0759703, -0.990766, -0.192041, 0.629518, -0.0479526 )

[node name="BoneAttachment9" parent="Armature/Skeleton" index="8"]
transform = Transform( 0.952093, -0.0478861, 0.302036, 0.0628504, 0.99722, -0.0400166, -0.29928, 0.0570826, 0.952456, -0.046503, 0.424465, -0.226573 )

[node name="BoneAttachment10" parent="Armature/Skeleton" index="9"]
transform = Transform( 1, -6.8094e-17, 6.09215e-17, 6.09215e-17, 0.993838, 0.110846, -6.8094e-17, -0.110846, 0.993838, 1.11978e-17, 0.348788, -0.0332627 )

[node name="BoneAttachment11" parent="Armature/Skeleton" index="10"]
transform = Transform( 1, 8.79571e-17, -8.32441e-17, -8.32441e-17, 0.998485, 0.0550172, 8.79572e-17, -0.0550172, 0.998485, -5.9563e-18, 0.154055, -0.0225328 )

[node name="BoneAttachment12" parent="Armature/Skeleton" index="11"]
transform = Transform( 0.99949, -0.0243806, -0.0206388, -0.0195075, -0.977503, 0.210016, -0.0252949, -0.209508, -0.977481, 0.0945753, -0.763494, -0.444629 )

[node name="BoneAttachment13" parent="Armature/Skeleton" index="12"]
transform = Transform( 0.996924, -0.076707, 0.0161235, -0.0456709, -0.401271, 0.91482, -0.0637033, -0.912744, -0.40354, 0.136558, -0.543873, 0.0549269 )

[node name="BoneAttachment14" parent="Armature/Skeleton" index="13"]
transform = Transform( 0.999965, -0.00832351, 0.000141709, -0.00823307, -0.991332, -0.131125, 0.0012319, 0.131119, -0.991368, 0.14144, 0.037633, -0.0219865 )

[node name="BoneAttachment15" parent="Armature/Skeleton" index="14"]
transform = Transform( 0.99928, 0.0243805, -0.0290693, -0.00546269, -0.665753, -0.746152, -0.0375446, 0.745775, -0.665142, -0.0898242, -1.07543, 0.160933 )

[node name="BoneAttachment16" parent="Armature/Skeleton" index="15"]
transform = Transform( 0.996942, 0.0767071, 0.0149428, 0.077585, -0.994416, -0.071536, 0.00937212, 0.0724764, -0.997328, -0.131807, -0.531176, 0.121266 )

[node name="BoneAttachment17" parent="Armature/Skeleton" index="16"]
transform = Transform( 0.999965, 0.00832354, -7.16779e-05, 0.008054, -0.969686, -0.244221, -0.00210229, 0.244212, -0.969721, -0.136689, 0.037633, -0.0219865 )

[node name="BoneAttachment18" parent="Armature/Skeleton" index="17"]
transform = Transform( 1, -3.32718e-17, 2.93171e-17, 2.93171e-17, 0.992047, 0.125868, -3.32718e-17, -0.125868, 0.992047, -6.46235e-26, -0.0235407, 0 )
