[gd_scene load_steps=2 format=2]

[ext_resource path="res://ANDREY_3D/HERO.glb" type="PackedScene" id=1]

[node name="HERO" instance=ExtResource( 1 )]

[node name="Skeleton" parent="Armature" index="0"]
bones/0/bound_children = [ NodePath("BoneAttachment18") ]
bones/1/bound_children = [ NodePath("BoneAttachment11") ]
bones/2/bound_children = [ NodePath("BoneAttachment10") ]
bones/3/bound_children = [ NodePath("BoneAttachment2") ]
bones/4/bound_children = [ NodePath("BoneAttachment") ]
bones/5/bound_children = [ NodePath("BoneAttachment5") ]
bones/6/bound_children = [ NodePath("BoneAttachment4") ]
bones/7/bound_children = [ NodePath("BoneAttachment3") ]
bones/8/bound_children = [ NodePath("BoneAttachment8") ]
bones/9/bound_children = [ NodePath("BoneAttachment7") ]
bones/10/bound_children = [ NodePath("BoneAttachment6") ]
bones/11/bound_children = [ NodePath("BoneAttachment9") ]
bones/12/bound_children = [ NodePath("BoneAttachment14") ]
bones/13/bound_children = [ NodePath("BoneAttachment13") ]
bones/14/bound_children = [ NodePath("BoneAttachment12") ]
bones/15/bound_children = [ NodePath("BoneAttachment17") ]
bones/16/bound_children = [ NodePath("BoneAttachment16") ]
bones/17/bound_children = [ NodePath("BoneAttachment15") ]

[node name="BoneAttachment" parent="Armature/Skeleton" index="0"]
transform = Transform( 1, -5.29659e-15, 2.38419e-07, 1.98291e-08, 0.996535, -0.0831694, -2.37592e-07, 0.0831694, 0.996535, -5.81685e-16, 0.22283, 0.0196656 )

[node name="BoneAttachment2" parent="Armature/Skeleton" index="1"]
transform = Transform( 1, 2.69621e-17, -3.48443e-17, -3.48443e-17, 0.967993, -0.250977, 2.69622e-17, 0.250977, 0.967993, -1.42273e-16, 0.0549198, -0.0238694 )

[node name="BoneAttachment3" parent="Armature/Skeleton" index="2"]
transform = Transform( 0.17926, -0.712218, -0.678685, -0.948698, 0.0574938, -0.310914, 0.260458, 0.699601, -0.665373, 0.088714, -0.0520811, 0.599792 )

[node name="BoneAttachment4" parent="Armature/Skeleton" index="3"]
transform = Transform( 0.788705, -0.614428, 0.0206047, 0.00327721, -0.0293147, -0.999565, 0.614764, 0.788429, -0.021107, 0.29007, -0.0424743, 0.341413 )

[node name="BoneAttachment5" parent="Armature/Skeleton" index="4"]
transform = Transform( 0.967657, 0.250216, -0.0321618, 0.0334269, -0.253531, -0.96675, -0.25005, 0.934406, -0.253695, 0.196791, 0.0520404, -0.00692746 )

[node name="BoneAttachment6" parent="Armature/Skeleton" index="5"]
transform = Transform( 0.723727, 0.484656, 0.491253, 0.286649, 0.43642, -0.85286, -0.627736, 0.758054, 0.176923, -0.195835, -0.0950046, 0.305504 )

[node name="BoneAttachment7" parent="Armature/Skeleton" index="6"]
transform = Transform( 0.696, 0.624766, -0.353913, -0.688875, 0.44193, -0.574586, -0.202577, 0.643713, 0.737968, -0.400579, -0.239831, 0.0945506 )

[node name="BoneAttachment8" parent="Armature/Skeleton" index="7"]
transform = Transform( 0.815584, -0.559394, -0.147997, -0.578514, -0.782931, -0.228783, 0.0121083, 0.27221, -0.962162, -0.19204, 0.0520405, -0.00692746 )

[node name="BoneAttachment9" parent="Armature/Skeleton" index="8"]
transform = Transform( 0.0640365, 0.297274, -0.952643, -0.984808, 0.173222, -0.0121444, 0.161409, 0.938947, 0.30385, -0.046503, -0.0237249, 0.473045 )

[node name="BoneAttachment10" parent="Armature/Skeleton" index="9"]
transform = Transform( 1, -6.8094e-17, 6.09215e-17, 6.09215e-17, 0.993838, 0.110846, -6.8094e-17, -0.110846, 0.993838, -1.22841e-16, -0.228689, 0.00776244 )

[node name="BoneAttachment11" parent="Armature/Skeleton" index="10"]
transform = Transform( 1, 8.79571e-17, -8.32441e-17, -8.32441e-17, 0.998485, 0.0550172, 8.79572e-17, -0.0550172, 0.998485, -1.39995e-16, -0.423422, 0.0184924 )

[node name="BoneAttachment12" parent="Armature/Skeleton" index="11"]
transform = Transform( 0.99949, -0.0243802, -0.0206389, -0.0312688, -0.614681, -0.788157, 0.00652911, 0.788399, -0.615129, 0.0945753, -1.10133, 0.650937 )

[node name="BoneAttachment13" parent="Armature/Skeleton" index="12"]
transform = Transform( 0.996923, -0.0767069, 0.0161233, -0.0750776, -0.993569, -0.0847784, 0.0225227, 0.0833064, -0.996269, 0.136558, -0.557536, 0.605342 )

[node name="BoneAttachment14" parent="Armature/Skeleton" index="13"]
transform = Transform( 0.999965, -0.00832355, 0.000141958, -0.000109154, -0.0301605, -0.999547, 0.00832407, 0.99951, -0.0301608, 0.14144, -0.539845, 0.0190387 )

[node name="BoneAttachment15" parent="Armature/Skeleton" index="14"]
transform = Transform( 0.99928, 0.0243804, -0.0290694, 0.0374183, -0.75992, 0.648938, -0.00626907, -0.64956, -0.760286, -0.0898243, -1.02471, -0.52353 )

[node name="BoneAttachment16" parent="Armature/Skeleton" index="15"]
transform = Transform( 0.996942, 0.076707, 0.0149428, -0.0290142, 0.18576, 0.982166, 0.0725633, -0.979598, 0.187418, -0.131807, -1.12638, 0.0126167 )

[node name="BoneAttachment17" parent="Armature/Skeleton" index="16"]
transform = Transform( 0.999965, 0.00832348, -7.15974e-05, 0.00832377, -0.999905, 0.0109475, 1.95327e-05, -0.010948, -0.999942, -0.13669, -0.539844, 0.0190387 )

[node name="BoneAttachment18" parent="Armature/Skeleton" index="17"]
transform = Transform( 1, -3.32718e-17, 2.93171e-17, 2.93171e-17, 0.992047, 0.125868, -3.32718e-17, -0.125868, 0.992047, -1.34039e-16, -0.601018, 0.0410252 )
